---
version:
  config: puppet-production-809bfa1fe30
  puppet: 5.5.3
resources:
  changed: 0
  corrective_change: 0
  failed: 0
  failed_to_restart: 0
  out_of_sync: 0
  restarted: 0
  scheduled: 0
  skipped: 0
  total: 63
time:
  anchor: 0.000570245
  archive: 0.000663824
  catalog_application: 0.3866901540022809
  config_retrieval: 1.9923984600027325
  convert_catalog: 0.08870294499502052
  exec: 0.00040906899999999997
  fact_generation: 1.3935018600022886
  file: 0.011131567
  filebucket: 8.6656e-05
  group: 0.0011654670000000001
  node_retrieval: 0.3361084470016067
  package: 0.000986807
  plugin_sync: 0.7397731660021236
  schedule: 0.000585913
  service: 0.046989662
  total: 4.950005127
  transaction_evaluation: 0.28227165499993134
  user: 0.00823404
  yumrepo: 0.0005332539999999999
  last_run: 1531988841
changes:
  total: 0
events:
  failure: 0
  success: 0
  total: 0